0000000000000000011000000000000000000000000000000
0000000000000110000100000000000000000000000000000
0000000000001110100000000000000000000000000000000
1011001100010001111010100001100000001100000000000
1000011001000000001011100001000011010010110100000
1011000011011000010000000000010001010110101100000
0000001000000010000000000000110000010010100011000
0000010000000001010000111000100001001010111000100
0000010000000001010000111011010011010100010011010
0000001000000010000000000000110100011000011000010
1011000011011000010000000000100000000110101011011
1000011001000000001011100000000100010001101001010
1011001100010001111010100000001010001100001001010
0000000000001110100000000000000100000101110000100
0000000000000110000100000000000000000101000000000
0000000000000000011000000000000000000010000000000